481
512
927
732
873
704
591
304
161
297
524
257
893
921
551
37
568
7
835
825
333
824
766
368
369
102
417
324
651
56
521
372
771
117
133
15
993
776
54
706
654
483
723
853
560
303
728
196
519
168
666
83
911
350
729
322
237
220
373
956
672
644
408
17
790
339
391
504
803
330
924
178
943
262
981
763
965
813
395
639
506
690
531
663
902
605
872
170
554
138
43
359
460
855
52
197
517
571
248
542
26
476
752
958
718
906
636
280
241
93
192
764
747
147
402
103
724
613
575
866
45
244
917
421
707
989
553
119
328
751
214
557
418
111
2
987
800
905
403
383
664
820
808
526
22
570
915
684
673
447
121
635
272
976
172
320
230
62
744
566
96
501
73
182
14
576
231
686
901
378
528
407
139
829
332
523
100
677
401
642
61
765
868
703
608
719
72
47
457
362
234
641
778
125
358
745
149
844
30
240
180
602
762
380
743
492
926
968
145
301
57
453
129
518
676
665
789
931
992
142
760
325
120
886
619
88
153
532
335
861
386
104
809
836
737
428
711
856
925
969
678
977
916
963
938
477
950
143
51
574
942
456
777
974
879
962
529
232
58
42
597
250
1000
841
610
618
379
462
799
427
795
527
918
624
713
558
699
832
448
692
199
433
488
773
475
148
503
319
28
348
236
4
871
134
705
593
674
439
972
702
75
876
595
709
742
649
223
951
750
694
171
784
895
130
485
971
198
851
136
658
276
254
114
422
717
967
865
833
952
683
110
736
959
888
285
76
882
990
685
105
338
827
588
173
973
946
945
441
415
860
798
831
815
212
189
710
599
472
204
675
63
363
738
398
92
826
455
822
611
556
21
151
881
41
445
500
442
793
525
277
794
757
941
193
838
74
434
273
937
64
211
34
166
862
226
550
615
70
739
10
955
309
807
233
375
352
370
538
555
65
601
156
5
207
9
68
438
966
609
708
869
361
175
412
584
513
35
812
209
499
802
982
426
463
722
32
581
459
842
314
215
640
939
652
0
638
998
932
162
345
811
377
756
351
399
451
999
715
229
141
222
158
970
404
727
637
563
689
243
267
91
228
603
996
522
648
146
449
849
600
86
135
416
698
590
904
113
69
700
805
387
473
239
997
547
767
878
19
49
329
